MATRIX A:
0.000000 1.000000 2.000000 3.000000 4.000000 5.000000 6.000000 7.000000 8.000000 9.000000 10.000000 11.000000 12.000000 13.000000 14.000000 15.000000 16.000000 17.000000 18.000000 19.000000 20.000000 21.000000 22.000000 23.000000 24.000000 25.000000 26.000000 27.000000 28.000000 29.000000 30.000000 31.000000 32.000000 33.000000 34.000000 35.000000 36.000000 37.000000 38.000000 39.000000 40.000000 41.000000 42.000000 43.000000 44.000000 45.000000 46.000000 47.000000 48.000000 49.000000 
0.000000 1.000000 2.000000 3.000000 4.000000 5.000000 6.000000 7.000000 8.000000 9.000000 10.000000 11.000000 12.000000 13.000000 14.000000 15.000000 16.000000 17.000000 18.000000 19.000000 20.000000 21.000000 22.000000 23.000000 24.000000 25.000000 26.000000 27.000000 28.000000 29.000000 30.000000 31.000000 32.000000 33.000000 34.000000 35.000000 36.000000 37.000000 38.000000 39.000000 40.000000 41.000000 42.000000 43.000000 44.000000 45.000000 46.000000 47.000000 48.000000 49.000000 
0.000000 1.000000 2.000000 3.000000 4.000000 5.000000 6.000000 7.000000 8.000000 9.000000 10.000000 11.000000 12.000000 13.000000 14.000000 15.000000 16.000000 17.000000 18.000000 19.000000 20.000000 21.000000 22.000000 23.000000 24.000000 25.000000 26.000000 27.000000 28.000000 29.000000 30.000000 31.000000 32.000000 33.000000 34.000000 35.000000 36.000000 37.000000 38.000000 39.000000 40.000000 41.000000 42.000000 43.000000 44.000000 45.000000 46.000000 47.000000 48.000000 49.000000 
0.000000 1.000000 2.000000 3.000000 4.000000 5.000000 6.000000 7.000000 8.000000 9.000000 10.000000 11.000000 12.000000 13.000000 14.000000 15.000000 16.000000 17.000000 18.000000 19.000000 20.000000 21.000000 22.000000 23.000000 24.000000 25.000000 26.000000 27.000000 28.000000 29.000000 30.000000 31.000000 32.000000 33.000000 34.000000 35.000000 36.000000 37.000000 38.000000 39.000000 40.000000 41.000000 42.000000 43.000000 44.000000 45.000000 46.000000 47.000000 48.000000 49.000000 
0.000000 1.000000 2.000000 3.000000 4.000000 5.000000 6.000000 7.000000 8.000000 9.000000 10.000000 11.000000 12.000000 13.000000 14.000000 15.000000 16.000000 17.000000 18.000000 19.000000 20.000000 21.000000 22.000000 23.000000 24.000000 25.000000 26.000000 27.000000 28.000000 29.000000 30.000000 31.000000 32.000000 33.000000 34.000000 35.000000 36.000000 37.000000 38.000000 39.000000 40.000000 41.000000 42.000000 43.000000 44.000000 45.000000 46.000000 47.000000 48.000000 49.000000 
0.000000 1.000000 2.000000 3.000000 4.000000 5.000000 6.000000 7.000000 8.000000 9.000000 10.000000 11.000000 12.000000 13.000000 14.000000 15.000000 16.000000 17.000000 18.000000 19.000000 20.000000 21.000000 22.000000 23.000000 24.000000 25.000000 26.000000 27.000000 28.000000 29.000000 30.000000 31.000000 32.000000 33.000000 34.000000 35.000000 36.000000 37.000000 38.000000 39.000000 40.000000 41.000000 42.000000 43.000000 44.000000 45.000000 46.000000 47.000000 48.000000 49.000000 
0.000000 1.000000 2.000000 3.000000 4.000000 5.000000 6.000000 7.000000 8.000000 9.000000 10.000000 11.000000 12.000000 13.000000 14.000000 15.000000 16.000000 17.000000 18.000000 19.000000 20.000000 21.000000 22.000000 23.000000 24.000000 25.000000 26.000000 27.000000 28.000000 29.000000 30.000000 31.000000 32.000000 33.000000 34.000000 35.000000 36.000000 37.000000 38.000000 39.000000 40.000000 41.000000 42.000000 43.000000 44.000000 45.000000 46.000000 47.000000 48.000000 49.000000 
0.000000 1.000000 2.000000 3.000000 4.000000 5.000000 6.000000 7.000000 8.000000 9.000000 10.000000 11.000000 12.000000 13.000000 14.000000 15.000000 16.000000 17.000000 18.000000 19.000000 20.000000 21.000000 22.000000 23.000000 24.000000 25.000000 26.000000 27.000000 28.000000 29.000000 30.000000 31.000000 32.000000 33.000000 34.000000 35.000000 36.000000 37.000000 38.000000 39.000000 40.000000 41.000000 42.000000 43.000000 44.000000 45.000000 46.000000 47.000000 48.000000 49.000000 
0.000000 1.000000 2.000000 3.000000 4.000000 5.000000 6.000000 7.000000 8.000000 9.000000 10.000000 11.000000 12.000000 13.000000 14.000000 15.000000 16.000000 17.000000 18.000000 19.000000 20.000000 21.000000 22.000000 23.000000 24.000000 25.000000 26.000000 27.000000 28.000000 29.000000 30.000000 31.000000 32.000000 33.000000 34.000000 35.000000 36.000000 37.000000 38.000000 39.000000 40.000000 41.000000 42.000000 43.000000 44.000000 45.000000 46.000000 47.000000 48.000000 49.000000 
0.000000 1.000000 2.000000 3.000000 4.000000 5.000000 6.000000 7.000000 8.000000 9.000000 10.000000 11.000000 12.000000 13.000000 14.000000 15.000000 16.000000 17.000000 18.000000 19.000000 20.000000 21.000000 22.000000 23.000000 24.000000 25.000000 26.000000 27.000000 28.000000 29.000000 30.000000 31.000000 32.000000 33.000000 34.000000 35.000000 36.000000 37.000000 38.000000 39.000000 40.000000 41.000000 42.000000 43.000000 44.000000 45.000000 46.000000 47.000000 48.000000 49.000000 
0.000000 1.000000 2.000000 3.000000 4.000000 5.000000 6.000000 7.000000 8.000000 9.000000 10.000000 11.000000 12.000000 13.000000 14.000000 15.000000 16.000000 17.000000 18.000000 19.000000 20.000000 21.000000 22.000000 23.000000 24.000000 25.000000 26.000000 27.000000 28.000000 29.000000 30.000000 31.000000 32.000000 33.000000 34.000000 35.000000 36.000000 37.000000 38.000000 39.000000 40.000000 41.000000 42.000000 43.000000 44.000000 45.000000 46.000000 47.000000 48.000000 49.000000 
0.000000 1.000000 2.000000 3.000000 4.000000 5.000000 6.000000 7.000000 8.000000 9.000000 10.000000 11.000000 12.000000 13.000000 14.000000 15.000000 16.000000 17.000000 18.000000 19.000000 20.000000 21.000000 22.000000 23.000000 24.000000 25.000000 26.000000 27.000000 28.000000 29.000000 30.000000 31.000000 32.000000 33.000000 34.000000 35.000000 36.000000 37.000000 38.000000 39.000000 40.000000 41.000000 42.000000 43.000000 44.000000 45.000000 46.000000 47.000000 48.000000 49.000000 
0.000000 1.000000 2.000000 3.000000 4.000000 5.000000 6.000000 7.000000 8.000000 9.000000 10.000000 11.000000 12.000000 13.000000 14.000000 15.000000 16.000000 17.000000 18.000000 19.000000 20.000000 21.000000 22.000000 23.000000 24.000000 25.000000 26.000000 27.000000 28.000000 29.000000 30.000000 31.000000 32.000000 33.000000 34.000000 35.000000 36.000000 37.000000 38.000000 39.000000 40.000000 41.000000 42.000000 43.000000 44.000000 45.000000 46.000000 47.000000 48.000000 49.000000 
0.000000 1.000000 2.000000 3.000000 4.000000 5.000000 6.000000 7.000000 8.000000 9.000000 10.000000 11.000000 12.000000 13.000000 14.000000 15.000000 16.000000 17.000000 18.000000 19.000000 20.000000 21.000000 22.000000 23.000000 24.000000 25.000000 26.000000 27.000000 28.000000 29.000000 30.000000 31.000000 32.000000 33.000000 34.000000 35.000000 36.000000 37.000000 38.000000 39.000000 40.000000 41.000000 42.000000 43.000000 44.000000 45.000000 46.000000 47.000000 48.000000 49.000000 
0.000000 1.000000 2.000000 3.000000 4.000000 5.000000 6.000000 7.000000 8.000000 9.000000 10.000000 11.000000 12.000000 13.000000 14.000000 15.000000 16.000000 17.000000 18.000000 19.000000 20.000000 21.000000 22.000000 23.000000 24.000000 25.000000 26.000000 27.000000 28.000000 29.000000 30.000000 31.000000 32.000000 33.000000 34.000000 35.000000 36.000000 37.000000 38.000000 39.000000 40.000000 41.000000 42.000000 43.000000 44.000000 45.000000 46.000000 47.000000 48.000000 49.000000 
0.000000 1.000000 2.000000 3.000000 4.000000 5.000000 6.000000 7.000000 8.000000 9.000000 10.000000 11.000000 12.000000 13.000000 14.000000 15.000000 16.000000 17.000000 18.000000 19.000000 20.000000 21.000000 22.000000 23.000000 24.000000 25.000000 26.000000 27.000000 28.000000 29.000000 30.000000 31.000000 32.000000 33.000000 34.000000 35.000000 36.000000 37.000000 38.000000 39.000000 40.000000 41.000000 42.000000 43.000000 44.000000 45.000000 46.000000 47.000000 48.000000 49.000000 
0.000000 1.000000 2.000000 3.000000 4.000000 5.000000 6.000000 7.000000 8.000000 9.000000 10.000000 11.000000 12.000000 13.000000 14.000000 15.000000 16.000000 17.000000 18.000000 19.000000 20.000000 21.000000 22.000000 23.000000 24.000000 25.000000 26.000000 27.000000 28.000000 29.000000 30.000000 31.000000 32.000000 33.000000 34.000000 35.000000 36.000000 37.000000 38.000000 39.000000 40.000000 41.000000 42.000000 43.000000 44.000000 45.000000 46.000000 47.000000 48.000000 49.000000 
0.000000 1.000000 2.000000 3.000000 4.000000 5.000000 6.000000 7.000000 8.000000 9.000000 10.000000 11.000000 12.000000 13.000000 14.000000 15.000000 16.000000 17.000000 18.000000 19.000000 20.000000 21.000000 22.000000 23.000000 24.000000 25.000000 26.000000 27.000000 28.000000 29.000000 30.000000 31.000000 32.000000 33.000000 34.000000 35.000000 36.000000 37.000000 38.000000 39.000000 40.000000 41.000000 42.000000 43.000000 44.000000 45.000000 46.000000 47.000000 48.000000 49.000000 
0.000000 1.000000 2.000000 3.000000 4.000000 5.000000 6.000000 7.000000 8.000000 9.000000 10.000000 11.000000 12.000000 13.000000 14.000000 15.000000 16.000000 17.000000 18.000000 19.000000 20.000000 21.000000 22.000000 23.000000 24.000000 25.000000 26.000000 27.000000 28.000000 29.000000 30.000000 31.000000 32.000000 33.000000 34.000000 35.000000 36.000000 37.000000 38.000000 39.000000 40.000000 41.000000 42.000000 43.000000 44.000000 45.000000 46.000000 47.000000 48.000000 49.000000 
0.000000 1.000000 2.000000 3.000000 4.000000 5.000000 6.000000 7.000000 8.000000 9.000000 10.000000 11.000000 12.000000 13.000000 14.000000 15.000000 16.000000 17.000000 18.000000 19.000000 20.000000 21.000000 22.000000 23.000000 24.000000 25.000000 26.000000 27.000000 28.000000 29.000000 30.000000 31.000000 32.000000 33.000000 34.000000 35.000000 36.000000 37.000000 38.000000 39.000000 40.000000 41.000000 42.000000 43.000000 44.000000 45.000000 46.000000 47.000000 48.000000 49.000000 
0.000000 1.000000 2.000000 3.000000 4.000000 5.000000 6.000000 7.000000 8.000000 9.000000 10.000000 11.000000 12.000000 13.000000 14.000000 15.000000 16.000000 17.000000 18.000000 19.000000 20.000000 21.000000 22.000000 23.000000 24.000000 25.000000 26.000000 27.000000 28.000000 29.000000 30.000000 31.000000 32.000000 33.000000 34.000000 35.000000 36.000000 37.000000 38.000000 39.000000 40.000000 41.000000 42.000000 43.000000 44.000000 45.000000 46.000000 47.000000 48.000000 49.000000 
0.000000 1.000000 2.000000 3.000000 4.000000 5.000000 6.000000 7.000000 8.000000 9.000000 10.000000 11.000000 12.000000 13.000000 14.000000 15.000000 16.000000 17.000000 18.000000 19.000000 20.000000 21.000000 22.000000 23.000000 24.000000 25.000000 26.000000 27.000000 28.000000 29.000000 30.000000 31.000000 32.000000 33.000000 34.000000 35.000000 36.000000 37.000000 38.000000 39.000000 40.000000 41.000000 42.000000 43.000000 44.000000 45.000000 46.000000 47.000000 48.000000 49.000000 
0.000000 1.000000 2.000000 3.000000 4.000000 5.000000 6.000000 7.000000 8.000000 9.000000 10.000000 11.000000 12.000000 13.000000 14.000000 15.000000 16.000000 17.000000 18.000000 19.000000 20.000000 21.000000 22.000000 23.000000 24.000000 25.000000 26.000000 27.000000 28.000000 29.000000 30.000000 31.000000 32.000000 33.000000 34.000000 35.000000 36.000000 37.000000 38.000000 39.000000 40.000000 41.000000 42.000000 43.000000 44.000000 45.000000 46.000000 47.000000 48.000000 49.000000 
0.000000 1.000000 2.000000 3.000000 4.000000 5.000000 6.000000 7.000000 8.000000 9.000000 10.000000 11.000000 12.000000 13.000000 14.000000 15.000000 16.000000 17.000000 18.000000 19.000000 20.000000 21.000000 22.000000 23.000000 24.000000 25.000000 26.000000 27.000000 28.000000 29.000000 30.000000 31.000000 32.000000 33.000000 34.000000 35.000000 36.000000 37.000000 38.000000 39.000000 40.000000 41.000000 42.000000 43.000000 44.000000 45.000000 46.000000 47.000000 48.000000 49.000000 
0.000000 1.000000 2.000000 3.000000 4.000000 5.000000 6.000000 7.000000 8.000000 9.000000 10.000000 11.000000 12.000000 13.000000 14.000000 15.000000 16.000000 17.000000 18.000000 19.000000 20.000000 21.000000 22.000000 23.000000 24.000000 25.000000 26.000000 27.000000 28.000000 29.000000 30.000000 31.000000 32.000000 33.000000 34.000000 35.000000 36.000000 37.000000 38.000000 39.000000 40.000000 41.000000 42.000000 43.000000 44.000000 45.000000 46.000000 47.000000 48.000000 49.000000 
0.000000 1.000000 2.000000 3.000000 4.000000 5.000000 6.000000 7.000000 8.000000 9.000000 10.000000 11.000000 12.000000 13.000000 14.000000 15.000000 16.000000 17.000000 18.000000 19.000000 20.000000 21.000000 22.000000 23.000000 24.000000 25.000000 26.000000 27.000000 28.000000 29.000000 30.000000 31.000000 32.000000 33.000000 34.000000 35.000000 36.000000 37.000000 38.000000 39.000000 40.000000 41.000000 42.000000 43.000000 44.000000 45.000000 46.000000 47.000000 48.000000 49.000000 
0.000000 1.000000 2.000000 3.000000 4.000000 5.000000 6.000000 7.000000 8.000000 9.000000 10.000000 11.000000 12.000000 13.000000 14.000000 15.000000 16.000000 17.000000 18.000000 19.000000 20.000000 21.000000 22.000000 23.000000 24.000000 25.000000 26.000000 27.000000 28.000000 29.000000 30.000000 31.000000 32.000000 33.000000 34.000000 35.000000 36.000000 37.000000 38.000000 39.000000 40.000000 41.000000 42.000000 43.000000 44.000000 45.000000 46.000000 47.000000 48.000000 49.000000 
0.000000 1.000000 2.000000 3.000000 4.000000 5.000000 6.000000 7.000000 8.000000 9.000000 10.000000 11.000000 12.000000 13.000000 14.000000 15.000000 16.000000 17.000000 18.000000 19.000000 20.000000 21.000000 22.000000 23.000000 24.000000 25.000000 26.000000 27.000000 28.000000 29.000000 30.000000 31.000000 32.000000 33.000000 34.000000 35.000000 36.000000 37.000000 38.000000 39.000000 40.000000 41.000000 42.000000 43.000000 44.000000 45.000000 46.000000 47.000000 48.000000 49.000000 
0.000000 1.000000 2.000000 3.000000 4.000000 5.000000 6.000000 7.000000 8.000000 9.000000 10.000000 11.000000 12.000000 13.000000 14.000000 15.000000 16.000000 17.000000 18.000000 19.000000 20.000000 21.000000 22.000000 23.000000 24.000000 25.000000 26.000000 27.000000 28.000000 29.000000 30.000000 31.000000 32.000000 33.000000 34.000000 35.000000 36.000000 37.000000 38.000000 39.000000 40.000000 41.000000 42.000000 43.000000 44.000000 45.000000 46.000000 47.000000 48.000000 49.000000 
0.000000 1.000000 2.000000 3.000000 4.000000 5.000000 6.000000 7.000000 8.000000 9.000000 10.000000 11.000000 12.000000 13.000000 14.000000 15.000000 16.000000 17.000000 18.000000 19.000000 20.000000 21.000000 22.000000 23.000000 24.000000 25.000000 26.000000 27.000000 28.000000 29.000000 30.000000 31.000000 32.000000 33.000000 34.000000 35.000000 36.000000 37.000000 38.000000 39.000000 40.000000 41.000000 42.000000 43.000000 44.000000 45.000000 46.000000 47.000000 48.000000 49.000000 
0.000000 1.000000 2.000000 3.000000 4.000000 5.000000 6.000000 7.000000 8.000000 9.000000 10.000000 11.000000 12.000000 13.000000 14.000000 15.000000 16.000000 17.000000 18.000000 19.000000 20.000000 21.000000 22.000000 23.000000 24.000000 25.000000 26.000000 27.000000 28.000000 29.000000 30.000000 31.000000 32.000000 33.000000 34.000000 35.000000 36.000000 37.000000 38.000000 39.000000 40.000000 41.000000 42.000000 43.000000 44.000000 45.000000 46.000000 47.000000 48.000000 49.000000 
0.000000 1.000000 2.000000 3.000000 4.000000 5.000000 6.000000 7.000000 8.000000 9.000000 10.000000 11.000000 12.000000 13.000000 14.000000 15.000000 16.000000 17.000000 18.000000 19.000000 20.000000 21.000000 22.000000 23.000000 24.000000 25.000000 26.000000 27.000000 28.000000 29.000000 30.000000 31.000000 32.000000 33.000000 34.000000 35.000000 36.000000 37.000000 38.000000 39.000000 40.000000 41.000000 42.000000 43.000000 44.000000 45.000000 46.000000 47.000000 48.000000 49.000000 
0.000000 1.000000 2.000000 3.000000 4.000000 5.000000 6.000000 7.000000 8.000000 9.000000 10.000000 11.000000 12.000000 13.000000 14.000000 15.000000 16.000000 17.000000 18.000000 19.000000 20.000000 21.000000 22.000000 23.000000 24.000000 25.000000 26.000000 27.000000 28.000000 29.000000 30.000000 31.000000 32.000000 33.000000 34.000000 35.000000 36.000000 37.000000 38.000000 39.000000 40.000000 41.000000 42.000000 43.000000 44.000000 45.000000 46.000000 47.000000 48.000000 49.000000 
0.000000 1.000000 2.000000 3.000000 4.000000 5.000000 6.000000 7.000000 8.000000 9.000000 10.000000 11.000000 12.000000 13.000000 14.000000 15.000000 16.000000 17.000000 18.000000 19.000000 20.000000 21.000000 22.000000 23.000000 24.000000 25.000000 26.000000 27.000000 28.000000 29.000000 30.000000 31.000000 32.000000 33.000000 34.000000 35.000000 36.000000 37.000000 38.000000 39.000000 40.000000 41.000000 42.000000 43.000000 44.000000 45.000000 46.000000 47.000000 48.000000 49.000000 
0.000000 1.000000 2.000000 3.000000 4.000000 5.000000 6.000000 7.000000 8.000000 9.000000 10.000000 11.000000 12.000000 13.000000 14.000000 15.000000 16.000000 17.000000 18.000000 19.000000 20.000000 21.000000 22.000000 23.000000 24.000000 25.000000 26.000000 27.000000 28.000000 29.000000 30.000000 31.000000 32.000000 33.000000 34.000000 35.000000 36.000000 37.000000 38.000000 39.000000 40.000000 41.000000 42.000000 43.000000 44.000000 45.000000 46.000000 47.000000 48.000000 49.000000 
0.000000 1.000000 2.000000 3.000000 4.000000 5.000000 6.000000 7.000000 8.000000 9.000000 10.000000 11.000000 12.000000 13.000000 14.000000 15.000000 16.000000 17.000000 18.000000 19.000000 20.000000 21.000000 22.000000 23.000000 24.000000 25.000000 26.000000 27.000000 28.000000 29.000000 30.000000 31.000000 32.000000 33.000000 34.000000 35.000000 36.000000 37.000000 38.000000 39.000000 40.000000 41.000000 42.000000 43.000000 44.000000 45.000000 46.000000 47.000000 48.000000 49.000000 
0.000000 1.000000 2.000000 3.000000 4.000000 5.000000 6.000000 7.000000 8.000000 9.000000 10.000000 11.000000 12.000000 13.000000 14.000000 15.000000 16.000000 17.000000 18.000000 19.000000 20.000000 21.000000 22.000000 23.000000 24.000000 25.000000 26.000000 27.000000 28.000000 29.000000 30.000000 31.000000 32.000000 33.000000 34.000000 35.000000 36.000000 37.000000 38.000000 39.000000 40.000000 41.000000 42.000000 43.000000 44.000000 45.000000 46.000000 47.000000 48.000000 49.000000 
0.000000 1.000000 2.000000 3.000000 4.000000 5.000000 6.000000 7.000000 8.000000 9.000000 10.000000 11.000000 12.000000 13.000000 14.000000 15.000000 16.000000 17.000000 18.000000 19.000000 20.000000 21.000000 22.000000 23.000000 24.000000 25.000000 26.000000 27.000000 28.000000 29.000000 30.000000 31.000000 32.000000 33.000000 34.000000 35.000000 36.000000 37.000000 38.000000 39.000000 40.000000 41.000000 42.000000 43.000000 44.000000 45.000000 46.000000 47.000000 48.000000 49.000000 
0.000000 1.000000 2.000000 3.000000 4.000000 5.000000 6.000000 7.000000 8.000000 9.000000 10.000000 11.000000 12.000000 13.000000 14.000000 15.000000 16.000000 17.000000 18.000000 19.000000 20.000000 21.000000 22.000000 23.000000 24.000000 25.000000 26.000000 27.000000 28.000000 29.000000 30.000000 31.000000 32.000000 33.000000 34.000000 35.000000 36.000000 37.000000 38.000000 39.000000 40.000000 41.000000 42.000000 43.000000 44.000000 45.000000 46.000000 47.000000 48.000000 49.000000 
0.000000 1.000000 2.000000 3.000000 4.000000 5.000000 6.000000 7.000000 8.000000 9.000000 10.000000 11.000000 12.000000 13.000000 14.000000 15.000000 16.000000 17.000000 18.000000 19.000000 20.000000 21.000000 22.000000 23.000000 24.000000 25.000000 26.000000 27.000000 28.000000 29.000000 30.000000 31.000000 32.000000 33.000000 34.000000 35.000000 36.000000 37.000000 38.000000 39.000000 40.000000 41.000000 42.000000 43.000000 44.000000 45.000000 46.000000 47.000000 48.000000 49.000000 
0.000000 1.000000 2.000000 3.000000 4.000000 5.000000 6.000000 7.000000 8.000000 9.000000 10.000000 11.000000 12.000000 13.000000 14.000000 15.000000 16.000000 17.000000 18.000000 19.000000 20.000000 21.000000 22.000000 23.000000 24.000000 25.000000 26.000000 27.000000 28.000000 29.000000 30.000000 31.000000 32.000000 33.000000 34.000000 35.000000 36.000000 37.000000 38.000000 39.000000 40.000000 41.000000 42.000000 43.000000 44.000000 45.000000 46.000000 47.000000 48.000000 49.000000 
0.000000 1.000000 2.000000 3.000000 4.000000 5.000000 6.000000 7.000000 8.000000 9.000000 10.000000 11.000000 12.000000 13.000000 14.000000 15.000000 16.000000 17.000000 18.000000 19.000000 20.000000 21.000000 22.000000 23.000000 24.000000 25.000000 26.000000 27.000000 28.000000 29.000000 30.000000 31.000000 32.000000 33.000000 34.000000 35.000000 36.000000 37.000000 38.000000 39.000000 40.000000 41.000000 42.000000 43.000000 44.000000 45.000000 46.000000 47.000000 48.000000 49.000000 
0.000000 1.000000 2.000000 3.000000 4.000000 5.000000 6.000000 7.000000 8.000000 9.000000 10.000000 11.000000 12.000000 13.000000 14.000000 15.000000 16.000000 17.000000 18.000000 19.000000 20.000000 21.000000 22.000000 23.000000 24.000000 25.000000 26.000000 27.000000 28.000000 29.000000 30.000000 31.000000 32.000000 33.000000 34.000000 35.000000 36.000000 37.000000 38.000000 39.000000 40.000000 41.000000 42.000000 43.000000 44.000000 45.000000 46.000000 47.000000 48.000000 49.000000 
0.000000 1.000000 2.000000 3.000000 4.000000 5.000000 6.000000 7.000000 8.000000 9.000000 10.000000 11.000000 12.000000 13.000000 14.000000 15.000000 16.000000 17.000000 18.000000 19.000000 20.000000 21.000000 22.000000 23.000000 24.000000 25.000000 26.000000 27.000000 28.000000 29.000000 30.000000 31.000000 32.000000 33.000000 34.000000 35.000000 36.000000 37.000000 38.000000 39.000000 40.000000 41.000000 42.000000 43.000000 44.000000 45.000000 46.000000 47.000000 48.000000 49.000000 
0.000000 1.000000 2.000000 3.000000 4.000000 5.000000 6.000000 7.000000 8.000000 9.000000 10.000000 11.000000 12.000000 13.000000 14.000000 15.000000 16.000000 17.000000 18.000000 19.000000 20.000000 21.000000 22.000000 23.000000 24.000000 25.000000 26.000000 27.000000 28.000000 29.000000 30.000000 31.000000 32.000000 33.000000 34.000000 35.000000 36.000000 37.000000 38.000000 39.000000 40.000000 41.000000 42.000000 43.000000 44.000000 45.000000 46.000000 47.000000 48.000000 49.000000 
0.000000 1.000000 2.000000 3.000000 4.000000 5.000000 6.000000 7.000000 8.000000 9.000000 10.000000 11.000000 12.000000 13.000000 14.000000 15.000000 16.000000 17.000000 18.000000 19.000000 20.000000 21.000000 22.000000 23.000000 24.000000 25.000000 26.000000 27.000000 28.000000 29.000000 30.000000 31.000000 32.000000 33.000000 34.000000 35.000000 36.000000 37.000000 38.000000 39.000000 40.000000 41.000000 42.000000 43.000000 44.000000 45.000000 46.000000 47.000000 48.000000 49.000000 
0.000000 1.000000 2.000000 3.000000 4.000000 5.000000 6.000000 7.000000 8.000000 9.000000 10.000000 11.000000 12.000000 13.000000 14.000000 15.000000 16.000000 17.000000 18.000000 19.000000 20.000000 21.000000 22.000000 23.000000 24.000000 25.000000 26.000000 27.000000 28.000000 29.000000 30.000000 31.000000 32.000000 33.000000 34.000000 35.000000 36.000000 37.000000 38.000000 39.000000 40.000000 41.000000 42.000000 43.000000 44.000000 45.000000 46.000000 47.000000 48.000000 49.000000 
0.000000 1.000000 2.000000 3.000000 4.000000 5.000000 6.000000 7.000000 8.000000 9.000000 10.000000 11.000000 12.000000 13.000000 14.000000 15.000000 16.000000 17.000000 18.000000 19.000000 20.000000 21.000000 22.000000 23.000000 24.000000 25.000000 26.000000 27.000000 28.000000 29.000000 30.000000 31.000000 32.000000 33.000000 34.000000 35.000000 36.000000 37.000000 38.000000 39.000000 40.000000 41.000000 42.000000 43.000000 44.000000 45.000000 46.000000 47.000000 48.000000 49.000000 
0.000000 1.000000 2.000000 3.000000 4.000000 5.000000 6.000000 7.000000 8.000000 9.000000 10.000000 11.000000 12.000000 13.000000 14.000000 15.000000 16.000000 17.000000 18.000000 19.000000 20.000000 21.000000 22.000000 23.000000 24.000000 25.000000 26.000000 27.000000 28.000000 29.000000 30.000000 31.000000 32.000000 33.000000 34.000000 35.000000 36.000000 37.000000 38.000000 39.000000 40.000000 41.000000 42.000000 43.000000 44.000000 45.000000 46.000000 47.000000 48.000000 49.000000 
0.000000 1.000000 2.000000 3.000000 4.000000 5.000000 6.000000 7.000000 8.000000 9.000000 10.000000 11.000000 12.000000 13.000000 14.000000 15.000000 16.000000 17.000000 18.000000 19.000000 20.000000 21.000000 22.000000 23.000000 24.000000 25.000000 26.000000 27.000000 28.000000 29.000000 30.000000 31.000000 32.000000 33.000000 34.000000 35.000000 36.000000 37.000000 38.000000 39.000000 40.000000 41.000000 42.000000 43.000000 44.000000 45.000000 46.000000 47.000000 48.000000 49.000000 

MATRIX B:
2.000000 2.000000 2.000000 2.000000 2.000000 2.000000 2.000000 2.000000 2.000000 2.000000 2.000000 2.000000 2.000000 2.000000 2.000000 2.000000 2.000000 2.000000 2.000000 2.000000 2.000000 2.000000 2.000000 2.000000 2.000000 2.000000 2.000000 2.000000 2.000000 2.000000 2.000000 2.000000 2.000000 2.000000 2.000000 2.000000 2.000000 2.000000 2.000000 2.000000 2.000000 2.000000 2.000000 2.000000 2.000000 2.000000 2.000000 2.000000 2.000000 2.000000 
2.000000 3.000000 4.000000 5.000000 6.000000 7.000000 8.000000 9.000000 10.000000 11.000000 12.000000 13.000000 14.000000 15.000000 16.000000 17.000000 18.000000 19.000000 20.000000 21.000000 22.000000 23.000000 24.000000 25.000000 26.000000 27.000000 28.000000 29.000000 30.000000 31.000000 32.000000 33.000000 34.000000 35.000000 36.000000 37.000000 38.000000 39.000000 40.000000 41.000000 42.000000 43.000000 44.000000 45.000000 46.000000 47.000000 48.000000 49.000000 50.000000 51.000000 
2.000000 4.000000 6.000000 8.000000 10.000000 12.000000 14.000000 16.000000 18.000000 20.000000 22.000000 24.000000 26.000000 28.000000 30.000000 32.000000 34.000000 36.000000 38.000000 40.000000 42.000000 44.000000 46.000000 48.000000 50.000000 52.000000 54.000000 56.000000 58.000000 60.000000 62.000000 64.000000 66.000000 68.000000 70.000000 72.000000 74.000000 76.000000 78.000000 80.000000 82.000000 84.000000 86.000000 88.000000 90.000000 92.000000 94.000000 96.000000 98.000000 100.000000 
2.000000 5.000000 8.000000 11.000000 14.000000 17.000000 20.000000 23.000000 26.000000 29.000000 32.000000 35.000000 38.000000 41.000000 44.000000 47.000000 50.000000 53.000000 56.000000 59.000000 62.000000 65.000000 68.000000 71.000000 74.000000 77.000000 80.000000 83.000000 86.000000 89.000000 92.000000 95.000000 98.000000 101.000000 104.000000 107.000000 110.000000 113.000000 116.000000 119.000000 122.000000 125.000000 128.000000 131.000000 134.000000 137.000000 140.000000 143.000000 146.000000 149.000000 
2.000000 6.000000 10.000000 14.000000 18.000000 22.000000 26.000000 30.000000 34.000000 38.000000 42.000000 46.000000 50.000000 54.000000 58.000000 62.000000 66.000000 70.000000 74.000000 78.000000 82.000000 86.000000 90.000000 94.000000 98.000000 102.000000 106.000000 110.000000 114.000000 118.000000 122.000000 126.000000 130.000000 134.000000 138.000000 142.000000 146.000000 150.000000 154.000000 158.000000 162.000000 166.000000 170.000000 174.000000 178.000000 182.000000 186.000000 190.000000 194.000000 198.000000 
2.000000 7.000000 12.000000 17.000000 22.000000 27.000000 32.000000 37.000000 42.000000 47.000000 52.000000 57.000000 62.000000 67.000000 72.000000 77.000000 82.000000 87.000000 92.000000 97.000000 102.000000 107.000000 112.000000 117.000000 122.000000 127.000000 132.000000 137.000000 142.000000 147.000000 152.000000 157.000000 162.000000 167.000000 172.000000 177.000000 182.000000 187.000000 192.000000 197.000000 202.000000 207.000000 212.000000 217.000000 222.000000 227.000000 232.000000 237.000000 242.000000 247.000000 
2.000000 8.000000 14.000000 20.000000 26.000000 32.000000 38.000000 44.000000 50.000000 56.000000 62.000000 68.000000 74.000000 80.000000 86.000000 92.000000 98.000000 104.000000 110.000000 116.000000 122.000000 128.000000 134.000000 140.000000 146.000000 152.000000 158.000000 164.000000 170.000000 176.000000 182.000000 188.000000 194.000000 200.000000 206.000000 212.000000 218.000000 224.000000 230.000000 236.000000 242.000000 248.000000 254.000000 260.000000 266.000000 272.000000 278.000000 284.000000 290.000000 296.000000 
2.000000 9.000000 16.000000 23.000000 30.000000 37.000000 44.000000 51.000000 58.000000 65.000000 72.000000 79.000000 86.000000 93.000000 100.000000 107.000000 114.000000 121.000000 128.000000 135.000000 142.000000 149.000000 156.000000 163.000000 170.000000 177.000000 184.000000 191.000000 198.000000 205.000000 212.000000 219.000000 226.000000 233.000000 240.000000 247.000000 254.000000 261.000000 268.000000 275.000000 282.000000 289.000000 296.000000 303.000000 310.000000 317.000000 324.000000 331.000000 338.000000 345.000000 
2.000000 10.000000 18.000000 26.000000 34.000000 42.000000 50.000000 58.000000 66.000000 74.000000 82.000000 90.000000 98.000000 106.000000 114.000000 122.000000 130.000000 138.000000 146.000000 154.000000 162.000000 170.000000 178.000000 186.000000 194.000000 202.000000 210.000000 218.000000 226.000000 234.000000 242.000000 250.000000 258.000000 266.000000 274.000000 282.000000 290.000000 298.000000 306.000000 314.000000 322.000000 330.000000 338.000000 346.000000 354.000000 362.000000 370.000000 378.000000 386.000000 394.000000 
2.000000 11.000000 20.000000 29.000000 38.000000 47.000000 56.000000 65.000000 74.000000 83.000000 92.000000 101.000000 110.000000 119.000000 128.000000 137.000000 146.000000 155.000000 164.000000 173.000000 182.000000 191.000000 200.000000 209.000000 218.000000 227.000000 236.000000 245.000000 254.000000 263.000000 272.000000 281.000000 290.000000 299.000000 308.000000 317.000000 326.000000 335.000000 344.000000 353.000000 362.000000 371.000000 380.000000 389.000000 398.000000 407.000000 416.000000 425.000000 434.000000 443.000000 
2.000000 12.000000 22.000000 32.000000 42.000000 52.000000 62.000000 72.000000 82.000000 92.000000 102.000000 112.000000 122.000000 132.000000 142.000000 152.000000 162.000000 172.000000 182.000000 192.000000 202.000000 212.000000 222.000000 232.000000 242.000000 252.000000 262.000000 272.000000 282.000000 292.000000 302.000000 312.000000 322.000000 332.000000 342.000000 352.000000 362.000000 372.000000 382.000000 392.000000 402.000000 412.000000 422.000000 432.000000 442.000000 452.000000 462.000000 472.000000 482.000000 492.000000 
2.000000 13.000000 24.000000 35.000000 46.000000 57.000000 68.000000 79.000000 90.000000 101.000000 112.000000 123.000000 134.000000 145.000000 156.000000 167.000000 178.000000 189.000000 200.000000 211.000000 222.000000 233.000000 244.000000 255.000000 266.000000 277.000000 288.000000 299.000000 310.000000 321.000000 332.000000 343.000000 354.000000 365.000000 376.000000 387.000000 398.000000 409.000000 420.000000 431.000000 442.000000 453.000000 464.000000 475.000000 486.000000 497.000000 508.000000 519.000000 530.000000 541.000000 
2.000000 14.000000 26.000000 38.000000 50.000000 62.000000 74.000000 86.000000 98.000000 110.000000 122.000000 134.000000 146.000000 158.000000 170.000000 182.000000 194.000000 206.000000 218.000000 230.000000 242.000000 254.000000 266.000000 278.000000 290.000000 302.000000 314.000000 326.000000 338.000000 350.000000 362.000000 374.000000 386.000000 398.000000 410.000000 422.000000 434.000000 446.000000 458.000000 470.000000 482.000000 494.000000 506.000000 518.000000 530.000000 542.000000 554.000000 566.000000 578.000000 590.000000 
2.000000 15.000000 28.000000 41.000000 54.000000 67.000000 80.000000 93.000000 106.000000 119.000000 132.000000 145.000000 158.000000 171.000000 184.000000 197.000000 210.000000 223.000000 236.000000 249.000000 262.000000 275.000000 288.000000 301.000000 314.000000 327.000000 340.000000 353.000000 366.000000 379.000000 392.000000 405.000000 418.000000 431.000000 444.000000 457.000000 470.000000 483.000000 496.000000 509.000000 522.000000 535.000000 548.000000 561.000000 574.000000 587.000000 600.000000 613.000000 626.000000 639.000000 
2.000000 16.000000 30.000000 44.000000 58.000000 72.000000 86.000000 100.000000 114.000000 128.000000 142.000000 156.000000 170.000000 184.000000 198.000000 212.000000 226.000000 240.000000 254.000000 268.000000 282.000000 296.000000 310.000000 324.000000 338.000000 352.000000 366.000000 380.000000 394.000000 408.000000 422.000000 436.000000 450.000000 464.000000 478.000000 492.000000 506.000000 520.000000 534.000000 548.000000 562.000000 576.000000 590.000000 604.000000 618.000000 632.000000 646.000000 660.000000 674.000000 688.000000 
2.000000 17.000000 32.000000 47.000000 62.000000 77.000000 92.000000 107.000000 122.000000 137.000000 152.000000 167.000000 182.000000 197.000000 212.000000 227.000000 242.000000 257.000000 272.000000 287.000000 302.000000 317.000000 332.000000 347.000000 362.000000 377.000000 392.000000 407.000000 422.000000 437.000000 452.000000 467.000000 482.000000 497.000000 512.000000 527.000000 542.000000 557.000000 572.000000 587.000000 602.000000 617.000000 632.000000 647.000000 662.000000 677.000000 692.000000 707.000000 722.000000 737.000000 
2.000000 18.000000 34.000000 50.000000 66.000000 82.000000 98.000000 114.000000 130.000000 146.000000 162.000000 178.000000 194.000000 210.000000 226.000000 242.000000 258.000000 274.000000 290.000000 306.000000 322.000000 338.000000 354.000000 370.000000 386.000000 402.000000 418.000000 434.000000 450.000000 466.000000 482.000000 498.000000 514.000000 530.000000 546.000000 562.000000 578.000000 594.000000 610.000000 626.000000 642.000000 658.000000 674.000000 690.000000 706.000000 722.000000 738.000000 754.000000 770.000000 786.000000 
2.000000 19.000000 36.000000 53.000000 70.000000 87.000000 104.000000 121.000000 138.000000 155.000000 172.000000 189.000000 206.000000 223.000000 240.000000 257.000000 274.000000 291.000000 308.000000 325.000000 342.000000 359.000000 376.000000 393.000000 410.000000 427.000000 444.000000 461.000000 478.000000 495.000000 512.000000 529.000000 546.000000 563.000000 580.000000 597.000000 614.000000 631.000000 648.000000 665.000000 682.000000 699.000000 716.000000 733.000000 750.000000 767.000000 784.000000 801.000000 818.000000 835.000000 
2.000000 20.000000 38.000000 56.000000 74.000000 92.000000 110.000000 128.000000 146.000000 164.000000 182.000000 200.000000 218.000000 236.000000 254.000000 272.000000 290.000000 308.000000 326.000000 344.000000 362.000000 380.000000 398.000000 416.000000 434.000000 452.000000 470.000000 488.000000 506.000000 524.000000 542.000000 560.000000 578.000000 596.000000 614.000000 632.000000 650.000000 668.000000 686.000000 704.000000 722.000000 740.000000 758.000000 776.000000 794.000000 812.000000 830.000000 848.000000 866.000000 884.000000 
2.000000 21.000000 40.000000 59.000000 78.000000 97.000000 116.000000 135.000000 154.000000 173.000000 192.000000 211.000000 230.000000 249.000000 268.000000 287.000000 306.000000 325.000000 344.000000 363.000000 382.000000 401.000000 420.000000 439.000000 458.000000 477.000000 496.000000 515.000000 534.000000 553.000000 572.000000 591.000000 610.000000 629.000000 648.000000 667.000000 686.000000 705.000000 724.000000 743.000000 762.000000 781.000000 800.000000 819.000000 838.000000 857.000000 876.000000 895.000000 914.000000 933.000000 
2.000000 22.000000 42.000000 62.000000 82.000000 102.000000 122.000000 142.000000 162.000000 182.000000 202.000000 222.000000 242.000000 262.000000 282.000000 302.000000 322.000000 342.000000 362.000000 382.000000 402.000000 422.000000 442.000000 462.000000 482.000000 502.000000 522.000000 542.000000 562.000000 582.000000 602.000000 622.000000 642.000000 662.000000 682.000000 702.000000 722.000000 742.000000 762.000000 782.000000 802.000000 822.000000 842.000000 862.000000 882.000000 902.000000 922.000000 942.000000 962.000000 982.000000 
2.000000 23.000000 44.000000 65.000000 86.000000 107.000000 128.000000 149.000000 170.000000 191.000000 212.000000 233.000000 254.000000 275.000000 296.000000 317.000000 338.000000 359.000000 380.000000 401.000000 422.000000 443.000000 464.000000 485.000000 506.000000 527.000000 548.000000 569.000000 590.000000 611.000000 632.000000 653.000000 674.000000 695.000000 716.000000 737.000000 758.000000 779.000000 800.000000 821.000000 842.000000 863.000000 884.000000 905.000000 926.000000 947.000000 968.000000 989.000000 1010.000000 1031.000000 
2.000000 24.000000 46.000000 68.000000 90.000000 112.000000 134.000000 156.000000 178.000000 200.000000 222.000000 244.000000 266.000000 288.000000 310.000000 332.000000 354.000000 376.000000 398.000000 420.000000 442.000000 464.000000 486.000000 508.000000 530.000000 552.000000 574.000000 596.000000 618.000000 640.000000 662.000000 684.000000 706.000000 728.000000 750.000000 772.000000 794.000000 816.000000 838.000000 860.000000 882.000000 904.000000 926.000000 948.000000 970.000000 992.000000 1014.000000 1036.000000 1058.000000 1080.000000 
2.000000 25.000000 48.000000 71.000000 94.000000 117.000000 140.000000 163.000000 186.000000 209.000000 232.000000 255.000000 278.000000 301.000000 324.000000 347.000000 370.000000 393.000000 416.000000 439.000000 462.000000 485.000000 508.000000 531.000000 554.000000 577.000000 600.000000 623.000000 646.000000 669.000000 692.000000 715.000000 738.000000 761.000000 784.000000 807.000000 830.000000 853.000000 876.000000 899.000000 922.000000 945.000000 968.000000 991.000000 1014.000000 1037.000000 1060.000000 1083.000000 1106.000000 1129.000000 
2.000000 26.000000 50.000000 74.000000 98.000000 122.000000 146.000000 170.000000 194.000000 218.000000 242.000000 266.000000 290.000000 314.000000 338.000000 362.000000 386.000000 410.000000 434.000000 458.000000 482.000000 506.000000 530.000000 554.000000 578.000000 602.000000 626.000000 650.000000 674.000000 698.000000 722.000000 746.000000 770.000000 794.000000 818.000000 842.000000 866.000000 890.000000 914.000000 938.000000 962.000000 986.000000 1010.000000 1034.000000 1058.000000 1082.000000 1106.000000 1130.000000 1154.000000 1178.000000 
2.000000 27.000000 52.000000 77.000000 102.000000 127.000000 152.000000 177.000000 202.000000 227.000000 252.000000 277.000000 302.000000 327.000000 352.000000 377.000000 402.000000 427.000000 452.000000 477.000000 502.000000 527.000000 552.000000 577.000000 602.000000 627.000000 652.000000 677.000000 702.000000 727.000000 752.000000 777.000000 802.000000 827.000000 852.000000 877.000000 902.000000 927.000000 952.000000 977.000000 1002.000000 1027.000000 1052.000000 1077.000000 1102.000000 1127.000000 1152.000000 1177.000000 1202.000000 1227.000000 
2.000000 28.000000 54.000000 80.000000 106.000000 132.000000 158.000000 184.000000 210.000000 236.000000 262.000000 288.000000 314.000000 340.000000 366.000000 392.000000 418.000000 444.000000 470.000000 496.000000 522.000000 548.000000 574.000000 600.000000 626.000000 652.000000 678.000000 704.000000 730.000000 756.000000 782.000000 808.000000 834.000000 860.000000 886.000000 912.000000 938.000000 964.000000 990.000000 1016.000000 1042.000000 1068.000000 1094.000000 1120.000000 1146.000000 1172.000000 1198.000000 1224.000000 1250.000000 1276.000000 
2.000000 29.000000 56.000000 83.000000 110.000000 137.000000 164.000000 191.000000 218.000000 245.000000 272.000000 299.000000 326.000000 353.000000 380.000000 407.000000 434.000000 461.000000 488.000000 515.000000 542.000000 569.000000 596.000000 623.000000 650.000000 677.000000 704.000000 731.000000 758.000000 785.000000 812.000000 839.000000 866.000000 893.000000 920.000000 947.000000 974.000000 1001.000000 1028.000000 1055.000000 1082.000000 1109.000000 1136.000000 1163.000000 1190.000000 1217.000000 1244.000000 1271.000000 1298.000000 1325.000000 
2.000000 30.000000 58.000000 86.000000 114.000000 142.000000 170.000000 198.000000 226.000000 254.000000 282.000000 310.000000 338.000000 366.000000 394.000000 422.000000 450.000000 478.000000 506.000000 534.000000 562.000000 590.000000 618.000000 646.000000 674.000000 702.000000 730.000000 758.000000 786.000000 814.000000 842.000000 870.000000 898.000000 926.000000 954.000000 982.000000 1010.000000 1038.000000 1066.000000 1094.000000 1122.000000 1150.000000 1178.000000 1206.000000 1234.000000 1262.000000 1290.000000 1318.000000 1346.000000 1374.000000 
2.000000 31.000000 60.000000 89.000000 118.000000 147.000000 176.000000 205.000000 234.000000 263.000000 292.000000 321.000000 350.000000 379.000000 408.000000 437.000000 466.000000 495.000000 524.000000 553.000000 582.000000 611.000000 640.000000 669.000000 698.000000 727.000000 756.000000 785.000000 814.000000 843.000000 872.000000 901.000000 930.000000 959.000000 988.000000 1017.000000 1046.000000 1075.000000 1104.000000 1133.000000 1162.000000 1191.000000 1220.000000 1249.000000 1278.000000 1307.000000 1336.000000 1365.000000 1394.000000 1423.000000 
2.000000 32.000000 62.000000 92.000000 122.000000 152.000000 182.000000 212.000000 242.000000 272.000000 302.000000 332.000000 362.000000 392.000000 422.000000 452.000000 482.000000 512.000000 542.000000 572.000000 602.000000 632.000000 662.000000 692.000000 722.000000 752.000000 782.000000 812.000000 842.000000 872.000000 902.000000 932.000000 962.000000 992.000000 1022.000000 1052.000000 1082.000000 1112.000000 1142.000000 1172.000000 1202.000000 1232.000000 1262.000000 1292.000000 1322.000000 1352.000000 1382.000000 1412.000000 1442.000000 1472.000000 
2.000000 33.000000 64.000000 95.000000 126.000000 157.000000 188.000000 219.000000 250.000000 281.000000 312.000000 343.000000 374.000000 405.000000 436.000000 467.000000 498.000000 529.000000 560.000000 591.000000 622.000000 653.000000 684.000000 715.000000 746.000000 777.000000 808.000000 839.000000 870.000000 901.000000 932.000000 963.000000 994.000000 1025.000000 1056.000000 1087.000000 1118.000000 1149.000000 1180.000000 1211.000000 1242.000000 1273.000000 1304.000000 1335.000000 1366.000000 1397.000000 1428.000000 1459.000000 1490.000000 1521.000000 
2.000000 34.000000 66.000000 98.000000 130.000000 162.000000 194.000000 226.000000 258.000000 290.000000 322.000000 354.000000 386.000000 418.000000 450.000000 482.000000 514.000000 546.000000 578.000000 610.000000 642.000000 674.000000 706.000000 738.000000 770.000000 802.000000 834.000000 866.000000 898.000000 930.000000 962.000000 994.000000 1026.000000 1058.000000 1090.000000 1122.000000 1154.000000 1186.000000 1218.000000 1250.000000 1282.000000 1314.000000 1346.000000 1378.000000 1410.000000 1442.000000 1474.000000 1506.000000 1538.000000 1570.000000 
2.000000 35.000000 68.000000 101.000000 134.000000 167.000000 200.000000 233.000000 266.000000 299.000000 332.000000 365.000000 398.000000 431.000000 464.000000 497.000000 530.000000 563.000000 596.000000 629.000000 662.000000 695.000000 728.000000 761.000000 794.000000 827.000000 860.000000 893.000000 926.000000 959.000000 992.000000 1025.000000 1058.000000 1091.000000 1124.000000 1157.000000 1190.000000 1223.000000 1256.000000 1289.000000 1322.000000 1355.000000 1388.000000 1421.000000 1454.000000 1487.000000 1520.000000 1553.000000 1586.000000 1619.000000 
2.000000 36.000000 70.000000 104.000000 138.000000 172.000000 206.000000 240.000000 274.000000 308.000000 342.000000 376.000000 410.000000 444.000000 478.000000 512.000000 546.000000 580.000000 614.000000 648.000000 682.000000 716.000000 750.000000 784.000000 818.000000 852.000000 886.000000 920.000000 954.000000 988.000000 1022.000000 1056.000000 1090.000000 1124.000000 1158.000000 1192.000000 1226.000000 1260.000000 1294.000000 1328.000000 1362.000000 1396.000000 1430.000000 1464.000000 1498.000000 1532.000000 1566.000000 1600.000000 1634.000000 1668.000000 
2.000000 37.000000 72.000000 107.000000 142.000000 177.000000 212.000000 247.000000 282.000000 317.000000 352.000000 387.000000 422.000000 457.000000 492.000000 527.000000 562.000000 597.000000 632.000000 667.000000 702.000000 737.000000 772.000000 807.000000 842.000000 877.000000 912.000000 947.000000 982.000000 1017.000000 1052.000000 1087.000000 1122.000000 1157.000000 1192.000000 1227.000000 1262.000000 1297.000000 1332.000000 1367.000000 1402.000000 1437.000000 1472.000000 1507.000000 1542.000000 1577.000000 1612.000000 1647.000000 1682.000000 1717.000000 
2.000000 38.000000 74.000000 110.000000 146.000000 182.000000 218.000000 254.000000 290.000000 326.000000 362.000000 398.000000 434.000000 470.000000 506.000000 542.000000 578.000000 614.000000 650.000000 686.000000 722.000000 758.000000 794.000000 830.000000 866.000000 902.000000 938.000000 974.000000 1010.000000 1046.000000 1082.000000 1118.000000 1154.000000 1190.000000 1226.000000 1262.000000 1298.000000 1334.000000 1370.000000 1406.000000 1442.000000 1478.000000 1514.000000 1550.000000 1586.000000 1622.000000 1658.000000 1694.000000 1730.000000 1766.000000 
2.000000 39.000000 76.000000 113.000000 150.000000 187.000000 224.000000 261.000000 298.000000 335.000000 372.000000 409.000000 446.000000 483.000000 520.000000 557.000000 594.000000 631.000000 668.000000 705.000000 742.000000 779.000000 816.000000 853.000000 890.000000 927.000000 964.000000 1001.000000 1038.000000 1075.000000 1112.000000 1149.000000 1186.000000 1223.000000 1260.000000 1297.000000 1334.000000 1371.000000 1408.000000 1445.000000 1482.000000 1519.000000 1556.000000 1593.000000 1630.000000 1667.000000 1704.000000 1741.000000 1778.000000 1815.000000 
2.000000 40.000000 78.000000 116.000000 154.000000 192.000000 230.000000 268.000000 306.000000 344.000000 382.000000 420.000000 458.000000 496.000000 534.000000 572.000000 610.000000 648.000000 686.000000 724.000000 762.000000 800.000000 838.000000 876.000000 914.000000 952.000000 990.000000 1028.000000 1066.000000 1104.000000 1142.000000 1180.000000 1218.000000 1256.000000 1294.000000 1332.000000 1370.000000 1408.000000 1446.000000 1484.000000 1522.000000 1560.000000 1598.000000 1636.000000 1674.000000 1712.000000 1750.000000 1788.000000 1826.000000 1864.000000 
2.000000 41.000000 80.000000 119.000000 158.000000 197.000000 236.000000 275.000000 314.000000 353.000000 392.000000 431.000000 470.000000 509.000000 548.000000 587.000000 626.000000 665.000000 704.000000 743.000000 782.000000 821.000000 860.000000 899.000000 938.000000 977.000000 1016.000000 1055.000000 1094.000000 1133.000000 1172.000000 1211.000000 1250.000000 1289.000000 1328.000000 1367.000000 1406.000000 1445.000000 1484.000000 1523.000000 1562.000000 1601.000000 1640.000000 1679.000000 1718.000000 1757.000000 1796.000000 1835.000000 1874.000000 1913.000000 
2.000000 42.000000 82.000000 122.000000 162.000000 202.000000 242.000000 282.000000 322.000000 362.000000 402.000000 442.000000 482.000000 522.000000 562.000000 602.000000 642.000000 682.000000 722.000000 762.000000 802.000000 842.000000 882.000000 922.000000 962.000000 1002.000000 1042.000000 1082.000000 1122.000000 1162.000000 1202.000000 1242.000000 1282.000000 1322.000000 1362.000000 1402.000000 1442.000000 1482.000000 1522.000000 1562.000000 1602.000000 1642.000000 1682.000000 1722.000000 1762.000000 1802.000000 1842.000000 1882.000000 1922.000000 1962.000000 
2.000000 43.000000 84.000000 125.000000 166.000000 207.000000 248.000000 289.000000 330.000000 371.000000 412.000000 453.000000 494.000000 535.000000 576.000000 617.000000 658.000000 699.000000 740.000000 781.000000 822.000000 863.000000 904.000000 945.000000 986.000000 1027.000000 1068.000000 1109.000000 1150.000000 1191.000000 1232.000000 1273.000000 1314.000000 1355.000000 1396.000000 1437.000000 1478.000000 1519.000000 1560.000000 1601.000000 1642.000000 1683.000000 1724.000000 1765.000000 1806.000000 1847.000000 1888.000000 1929.000000 1970.000000 2011.000000 
2.000000 44.000000 86.000000 128.000000 170.000000 212.000000 254.000000 296.000000 338.000000 380.000000 422.000000 464.000000 506.000000 548.000000 590.000000 632.000000 674.000000 716.000000 758.000000 800.000000 842.000000 884.000000 926.000000 968.000000 1010.000000 1052.000000 1094.000000 1136.000000 1178.000000 1220.000000 1262.000000 1304.000000 1346.000000 1388.000000 1430.000000 1472.000000 1514.000000 1556.000000 1598.000000 1640.000000 1682.000000 1724.000000 1766.000000 1808.000000 1850.000000 1892.000000 1934.000000 1976.000000 2018.000000 2060.000000 
2.000000 45.000000 88.000000 131.000000 174.000000 217.000000 260.000000 303.000000 346.000000 389.000000 432.000000 475.000000 518.000000 561.000000 604.000000 647.000000 690.000000 733.000000 776.000000 819.000000 862.000000 905.000000 948.000000 991.000000 1034.000000 1077.000000 1120.000000 1163.000000 1206.000000 1249.000000 1292.000000 1335.000000 1378.000000 1421.000000 1464.000000 1507.000000 1550.000000 1593.000000 1636.000000 1679.000000 1722.000000 1765.000000 1808.000000 1851.000000 1894.000000 1937.000000 1980.000000 2023.000000 2066.000000 2109.000000 
2.000000 46.000000 90.000000 134.000000 178.000000 222.000000 266.000000 310.000000 354.000000 398.000000 442.000000 486.000000 530.000000 574.000000 618.000000 662.000000 706.000000 750.000000 794.000000 838.000000 882.000000 926.000000 970.000000 1014.000000 1058.000000 1102.000000 1146.000000 1190.000000 1234.000000 1278.000000 1322.000000 1366.000000 1410.000000 1454.000000 1498.000000 1542.000000 1586.000000 1630.000000 1674.000000 1718.000000 1762.000000 1806.000000 1850.000000 1894.000000 1938.000000 1982.000000 2026.000000 2070.000000 2114.000000 2158.000000 
2.000000 47.000000 92.000000 137.000000 182.000000 227.000000 272.000000 317.000000 362.000000 407.000000 452.000000 497.000000 542.000000 587.000000 632.000000 677.000000 722.000000 767.000000 812.000000 857.000000 902.000000 947.000000 992.000000 1037.000000 1082.000000 1127.000000 1172.000000 1217.000000 1262.000000 1307.000000 1352.000000 1397.000000 1442.000000 1487.000000 1532.000000 1577.000000 1622.000000 1667.000000 1712.000000 1757.000000 1802.000000 1847.000000 1892.000000 1937.000000 1982.000000 2027.000000 2072.000000 2117.000000 2162.000000 2207.000000 
2.000000 48.000000 94.000000 140.000000 186.000000 232.000000 278.000000 324.000000 370.000000 416.000000 462.000000 508.000000 554.000000 600.000000 646.000000 692.000000 738.000000 784.000000 830.000000 876.000000 922.000000 968.000000 1014.000000 1060.000000 1106.000000 1152.000000 1198.000000 1244.000000 1290.000000 1336.000000 1382.000000 1428.000000 1474.000000 1520.000000 1566.000000 1612.000000 1658.000000 1704.000000 1750.000000 1796.000000 1842.000000 1888.000000 1934.000000 1980.000000 2026.000000 2072.000000 2118.000000 2164.000000 2210.000000 2256.000000 
2.000000 49.000000 96.000000 143.000000 190.000000 237.000000 284.000000 331.000000 378.000000 425.000000 472.000000 519.000000 566.000000 613.000000 660.000000 707.000000 754.000000 801.000000 848.000000 895.000000 942.000000 989.000000 1036.000000 1083.000000 1130.000000 1177.000000 1224.000000 1271.000000 1318.000000 1365.000000 1412.000000 1459.000000 1506.000000 1553.000000 1600.000000 1647.000000 1694.000000 1741.000000 1788.000000 1835.000000 1882.000000 1929.000000 1976.000000 2023.000000 2070.000000 2117.000000 2164.000000 2211.000000 2258.000000 2305.000000 
2.000000 50.000000 98.000000 146.000000 194.000000 242.000000 290.000000 338.000000 386.000000 434.000000 482.000000 530.000000 578.000000 626.000000 674.000000 722.000000 770.000000 818.000000 866.000000 914.000000 962.000000 1010.000000 1058.000000 1106.000000 1154.000000 1202.000000 1250.000000 1298.000000 1346.000000 1394.000000 1442.000000 1490.000000 1538.000000 1586.000000 1634.000000 1682.000000 1730.000000 1778.000000 1826.000000 1874.000000 1922.000000 1970.000000 2018.000000 2066.000000 2114.000000 2162.000000 2210.000000 2258.000000 2306.000000 2354.000000 
2.000000 51.000000 100.000000 149.000000 198.000000 247.000000 296.000000 345.000000 394.000000 443.000000 492.000000 541.000000 590.000000 639.000000 688.000000 737.000000 786.000000 835.000000 884.000000 933.000000 982.000000 1031.000000 1080.000000 1129.000000 1178.000000 1227.000000 1276.000000 1325.000000 1374.000000 1423.000000 1472.000000 1521.000000 1570.000000 1619.000000 1668.000000 1717.000000 1766.000000 1815.000000 1864.000000 1913.000000 1962.000000 2011.000000 2060.000000 2109.000000 2158.000000 2207.000000 2256.000000 2305.000000 2354.000000 2403.000000 

Serial Execution Time: 0.000455

Parallel Execution Time: 0.000538

MATRIX MULTIPLICATION, MATRIX C:
2450.000000 42875.000000 83300.000000 123725.000000 164150.000000 204575.000000 245000.000000 285425.000000 325850.000000 366275.000000 406700.000000 447125.000000 487550.000000 527975.000000 568400.000000 608825.000000 649250.000000 689675.000000 730100.000000 770525.000000 810950.000000 851375.000000 891800.000000 932225.000000 972650.000000 1013075.000000 1053500.000000 1093925.000000 1134350.000000 1174775.000000 1215200.000000 1255625.000000 1296050.000000 1336475.000000 1376900.000000 1417325.000000 1457750.000000 1498175.000000 1538600.000000 1579025.000000 1619450.000000 1659875.000000 1700300.000000 1740725.000000 1781150.000000 1821575.000000 1862000.000000 1902425.000000 1942850.000000 1983275.000000 
2450.000000 42875.000000 83300.000000 123725.000000 164150.000000 204575.000000 245000.000000 285425.000000 325850.000000 366275.000000 406700.000000 447125.000000 487550.000000 527975.000000 568400.000000 608825.000000 649250.000000 689675.000000 730100.000000 770525.000000 810950.000000 851375.000000 891800.000000 932225.000000 972650.000000 1013075.000000 1053500.000000 1093925.000000 1134350.000000 1174775.000000 1215200.000000 1255625.000000 1296050.000000 1336475.000000 1376900.000000 1417325.000000 1457750.000000 1498175.000000 1538600.000000 1579025.000000 1619450.000000 1659875.000000 1700300.000000 1740725.000000 1781150.000000 1821575.000000 1862000.000000 1902425.000000 1942850.000000 1983275.000000 
2450.000000 42875.000000 83300.000000 123725.000000 164150.000000 204575.000000 245000.000000 285425.000000 325850.000000 366275.000000 406700.000000 447125.000000 487550.000000 527975.000000 568400.000000 608825.000000 649250.000000 689675.000000 730100.000000 770525.000000 810950.000000 851375.000000 891800.000000 932225.000000 972650.000000 1013075.000000 1053500.000000 1093925.000000 1134350.000000 1174775.000000 1215200.000000 1255625.000000 1296050.000000 1336475.000000 1376900.000000 1417325.000000 1457750.000000 1498175.000000 1538600.000000 1579025.000000 1619450.000000 1659875.000000 1700300.000000 1740725.000000 1781150.000000 1821575.000000 1862000.000000 1902425.000000 1942850.000000 1983275.000000 
2450.000000 42875.000000 83300.000000 123725.000000 164150.000000 204575.000000 245000.000000 285425.000000 325850.000000 366275.000000 406700.000000 447125.000000 487550.000000 527975.000000 568400.000000 608825.000000 649250.000000 689675.000000 730100.000000 770525.000000 810950.000000 851375.000000 891800.000000 932225.000000 972650.000000 1013075.000000 1053500.000000 1093925.000000 1134350.000000 1174775.000000 1215200.000000 1255625.000000 1296050.000000 1336475.000000 1376900.000000 1417325.000000 1457750.000000 1498175.000000 1538600.000000 1579025.000000 1619450.000000 1659875.000000 1700300.000000 1740725.000000 1781150.000000 1821575.000000 1862000.000000 1902425.000000 1942850.000000 1983275.000000 
2450.000000 42875.000000 83300.000000 123725.000000 164150.000000 204575.000000 245000.000000 285425.000000 325850.000000 366275.000000 406700.000000 447125.000000 487550.000000 527975.000000 568400.000000 608825.000000 649250.000000 689675.000000 730100.000000 770525.000000 810950.000000 851375.000000 891800.000000 932225.000000 972650.000000 1013075.000000 1053500.000000 1093925.000000 1134350.000000 1174775.000000 1215200.000000 1255625.000000 1296050.000000 1336475.000000 1376900.000000 1417325.000000 1457750.000000 1498175.000000 1538600.000000 1579025.000000 1619450.000000 1659875.000000 1700300.000000 1740725.000000 1781150.000000 1821575.000000 1862000.000000 1902425.000000 1942850.000000 1983275.000000 
2450.000000 42875.000000 83300.000000 123725.000000 164150.000000 204575.000000 245000.000000 285425.000000 325850.000000 366275.000000 406700.000000 447125.000000 487550.000000 527975.000000 568400.000000 608825.000000 649250.000000 689675.000000 730100.000000 770525.000000 810950.000000 851375.000000 891800.000000 932225.000000 972650.000000 1013075.000000 1053500.000000 1093925.000000 1134350.000000 1174775.000000 1215200.000000 1255625.000000 1296050.000000 1336475.000000 1376900.000000 1417325.000000 1457750.000000 1498175.000000 1538600.000000 1579025.000000 1619450.000000 1659875.000000 1700300.000000 1740725.000000 1781150.000000 1821575.000000 1862000.000000 1902425.000000 1942850.000000 1983275.000000 
2450.000000 42875.000000 83300.000000 123725.000000 164150.000000 204575.000000 245000.000000 285425.000000 325850.000000 366275.000000 406700.000000 447125.000000 487550.000000 527975.000000 568400.000000 608825.000000 649250.000000 689675.000000 730100.000000 770525.000000 810950.000000 851375.000000 891800.000000 932225.000000 972650.000000 1013075.000000 1053500.000000 1093925.000000 1134350.000000 1174775.000000 1215200.000000 1255625.000000 1296050.000000 1336475.000000 1376900.000000 1417325.000000 1457750.000000 1498175.000000 1538600.000000 1579025.000000 1619450.000000 1659875.000000 1700300.000000 1740725.000000 1781150.000000 1821575.000000 1862000.000000 1902425.000000 1942850.000000 1983275.000000 
2450.000000 42875.000000 83300.000000 123725.000000 164150.000000 204575.000000 245000.000000 285425.000000 325850.000000 366275.000000 406700.000000 447125.000000 487550.000000 527975.000000 568400.000000 608825.000000 649250.000000 689675.000000 730100.000000 770525.000000 810950.000000 851375.000000 891800.000000 932225.000000 972650.000000 1013075.000000 1053500.000000 1093925.000000 1134350.000000 1174775.000000 1215200.000000 1255625.000000 1296050.000000 1336475.000000 1376900.000000 1417325.000000 1457750.000000 1498175.000000 1538600.000000 1579025.000000 1619450.000000 1659875.000000 1700300.000000 1740725.000000 1781150.000000 1821575.000000 1862000.000000 1902425.000000 1942850.000000 1983275.000000 
2450.000000 42875.000000 83300.000000 123725.000000 164150.000000 204575.000000 245000.000000 285425.000000 325850.000000 366275.000000 406700.000000 447125.000000 487550.000000 527975.000000 568400.000000 608825.000000 649250.000000 689675.000000 730100.000000 770525.000000 810950.000000 851375.000000 891800.000000 932225.000000 972650.000000 1013075.000000 1053500.000000 1093925.000000 1134350.000000 1174775.000000 1215200.000000 1255625.000000 1296050.000000 1336475.000000 1376900.000000 1417325.000000 1457750.000000 1498175.000000 1538600.000000 1579025.000000 1619450.000000 1659875.000000 1700300.000000 1740725.000000 1781150.000000 1821575.000000 1862000.000000 1902425.000000 1942850.000000 1983275.000000 
2450.000000 42875.000000 83300.000000 123725.000000 164150.000000 204575.000000 245000.000000 285425.000000 325850.000000 366275.000000 406700.000000 447125.000000 487550.000000 527975.000000 568400.000000 608825.000000 649250.000000 689675.000000 730100.000000 770525.000000 810950.000000 851375.000000 891800.000000 932225.000000 972650.000000 1013075.000000 1053500.000000 1093925.000000 1134350.000000 1174775.000000 1215200.000000 1255625.000000 1296050.000000 1336475.000000 1376900.000000 1417325.000000 1457750.000000 1498175.000000 1538600.000000 1579025.000000 1619450.000000 1659875.000000 1700300.000000 1740725.000000 1781150.000000 1821575.000000 1862000.000000 1902425.000000 1942850.000000 1983275.000000 
2450.000000 42875.000000 83300.000000 123725.000000 164150.000000 204575.000000 245000.000000 285425.000000 325850.000000 366275.000000 406700.000000 447125.000000 487550.000000 527975.000000 568400.000000 608825.000000 649250.000000 689675.000000 730100.000000 770525.000000 810950.000000 851375.000000 891800.000000 932225.000000 972650.000000 1013075.000000 1053500.000000 1093925.000000 1134350.000000 1174775.000000 1215200.000000 1255625.000000 1296050.000000 1336475.000000 1376900.000000 1417325.000000 1457750.000000 1498175.000000 1538600.000000 1579025.000000 1619450.000000 1659875.000000 1700300.000000 1740725.000000 1781150.000000 1821575.000000 1862000.000000 1902425.000000 1942850.000000 1983275.000000 
2450.000000 42875.000000 83300.000000 123725.000000 164150.000000 204575.000000 245000.000000 285425.000000 325850.000000 366275.000000 406700.000000 447125.000000 487550.000000 527975.000000 568400.000000 608825.000000 649250.000000 689675.000000 730100.000000 770525.000000 810950.000000 851375.000000 891800.000000 932225.000000 972650.000000 1013075.000000 1053500.000000 1093925.000000 1134350.000000 1174775.000000 1215200.000000 1255625.000000 1296050.000000 1336475.000000 1376900.000000 1417325.000000 1457750.000000 1498175.000000 1538600.000000 1579025.000000 1619450.000000 1659875.000000 1700300.000000 1740725.000000 1781150.000000 1821575.000000 1862000.000000 1902425.000000 1942850.000000 1983275.000000 
2450.000000 42875.000000 83300.000000 123725.000000 164150.000000 204575.000000 245000.000000 285425.000000 325850.000000 366275.000000 406700.000000 447125.000000 487550.000000 527975.000000 568400.000000 608825.000000 649250.000000 689675.000000 730100.000000 770525.000000 810950.000000 851375.000000 891800.000000 932225.000000 972650.000000 1013075.000000 1053500.000000 1093925.000000 1134350.000000 1174775.000000 1215200.000000 1255625.000000 1296050.000000 1336475.000000 1376900.000000 1417325.000000 1457750.000000 1498175.000000 1538600.000000 1579025.000000 1619450.000000 1659875.000000 1700300.000000 1740725.000000 1781150.000000 1821575.000000 1862000.000000 1902425.000000 1942850.000000 1983275.000000 
2450.000000 42875.000000 83300.000000 123725.000000 164150.000000 204575.000000 245000.000000 285425.000000 325850.000000 366275.000000 406700.000000 447125.000000 487550.000000 527975.000000 568400.000000 608825.000000 649250.000000 689675.000000 730100.000000 770525.000000 810950.000000 851375.000000 891800.000000 932225.000000 972650.000000 1013075.000000 1053500.000000 1093925.000000 1134350.000000 1174775.000000 1215200.000000 1255625.000000 1296050.000000 1336475.000000 1376900.000000 1417325.000000 1457750.000000 1498175.000000 1538600.000000 1579025.000000 1619450.000000 1659875.000000 1700300.000000 1740725.000000 1781150.000000 1821575.000000 1862000.000000 1902425.000000 1942850.000000 1983275.000000 
2450.000000 42875.000000 83300.000000 123725.000000 164150.000000 204575.000000 245000.000000 285425.000000 325850.000000 366275.000000 406700.000000 447125.000000 487550.000000 527975.000000 568400.000000 608825.000000 649250.000000 689675.000000 730100.000000 770525.000000 810950.000000 851375.000000 891800.000000 932225.000000 972650.000000 1013075.000000 1053500.000000 1093925.000000 1134350.000000 1174775.000000 1215200.000000 1255625.000000 1296050.000000 1336475.000000 1376900.000000 1417325.000000 1457750.000000 1498175.000000 1538600.000000 1579025.000000 1619450.000000 1659875.000000 1700300.000000 1740725.000000 1781150.000000 1821575.000000 1862000.000000 1902425.000000 1942850.000000 1983275.000000 
2450.000000 42875.000000 83300.000000 123725.000000 164150.000000 204575.000000 245000.000000 285425.000000 325850.000000 366275.000000 406700.000000 447125.000000 487550.000000 527975.000000 568400.000000 608825.000000 649250.000000 689675.000000 730100.000000 770525.000000 810950.000000 851375.000000 891800.000000 932225.000000 972650.000000 1013075.000000 1053500.000000 1093925.000000 1134350.000000 1174775.000000 1215200.000000 1255625.000000 1296050.000000 1336475.000000 1376900.000000 1417325.000000 1457750.000000 1498175.000000 1538600.000000 1579025.000000 1619450.000000 1659875.000000 1700300.000000 1740725.000000 1781150.000000 1821575.000000 1862000.000000 1902425.000000 1942850.000000 1983275.000000 
2450.000000 42875.000000 83300.000000 123725.000000 164150.000000 204575.000000 245000.000000 285425.000000 325850.000000 366275.000000 406700.000000 447125.000000 487550.000000 527975.000000 568400.000000 608825.000000 649250.000000 689675.000000 730100.000000 770525.000000 810950.000000 851375.000000 891800.000000 932225.000000 972650.000000 1013075.000000 1053500.000000 1093925.000000 1134350.000000 1174775.000000 1215200.000000 1255625.000000 1296050.000000 1336475.000000 1376900.000000 1417325.000000 1457750.000000 1498175.000000 1538600.000000 1579025.000000 1619450.000000 1659875.000000 1700300.000000 1740725.000000 1781150.000000 1821575.000000 1862000.000000 1902425.000000 1942850.000000 1983275.000000 
2450.000000 42875.000000 83300.000000 123725.000000 164150.000000 204575.000000 245000.000000 285425.000000 325850.000000 366275.000000 406700.000000 447125.000000 487550.000000 527975.000000 568400.000000 608825.000000 649250.000000 689675.000000 730100.000000 770525.000000 810950.000000 851375.000000 891800.000000 932225.000000 972650.000000 1013075.000000 1053500.000000 1093925.000000 1134350.000000 1174775.000000 1215200.000000 1255625.000000 1296050.000000 1336475.000000 1376900.000000 1417325.000000 1457750.000000 1498175.000000 1538600.000000 1579025.000000 1619450.000000 1659875.000000 1700300.000000 1740725.000000 1781150.000000 1821575.000000 1862000.000000 1902425.000000 1942850.000000 1983275.000000 
2450.000000 42875.000000 83300.000000 123725.000000 164150.000000 204575.000000 245000.000000 285425.000000 325850.000000 366275.000000 406700.000000 447125.000000 487550.000000 527975.000000 568400.000000 608825.000000 649250.000000 689675.000000 730100.000000 770525.000000 810950.000000 851375.000000 891800.000000 932225.000000 972650.000000 1013075.000000 1053500.000000 1093925.000000 1134350.000000 1174775.000000 1215200.000000 1255625.000000 1296050.000000 1336475.000000 1376900.000000 1417325.000000 1457750.000000 1498175.000000 1538600.000000 1579025.000000 1619450.000000 1659875.000000 1700300.000000 1740725.000000 1781150.000000 1821575.000000 1862000.000000 1902425.000000 1942850.000000 1983275.000000 
2450.000000 42875.000000 83300.000000 123725.000000 164150.000000 204575.000000 245000.000000 285425.000000 325850.000000 366275.000000 406700.000000 447125.000000 487550.000000 527975.000000 568400.000000 608825.000000 649250.000000 689675.000000 730100.000000 770525.000000 810950.000000 851375.000000 891800.000000 932225.000000 972650.000000 1013075.000000 1053500.000000 1093925.000000 1134350.000000 1174775.000000 1215200.000000 1255625.000000 1296050.000000 1336475.000000 1376900.000000 1417325.000000 1457750.000000 1498175.000000 1538600.000000 1579025.000000 1619450.000000 1659875.000000 1700300.000000 1740725.000000 1781150.000000 1821575.000000 1862000.000000 1902425.000000 1942850.000000 1983275.000000 
2450.000000 42875.000000 83300.000000 123725.000000 164150.000000 204575.000000 245000.000000 285425.000000 325850.000000 366275.000000 406700.000000 447125.000000 487550.000000 527975.000000 568400.000000 608825.000000 649250.000000 689675.000000 730100.000000 770525.000000 810950.000000 851375.000000 891800.000000 932225.000000 972650.000000 1013075.000000 1053500.000000 1093925.000000 1134350.000000 1174775.000000 1215200.000000 1255625.000000 1296050.000000 1336475.000000 1376900.000000 1417325.000000 1457750.000000 1498175.000000 1538600.000000 1579025.000000 1619450.000000 1659875.000000 1700300.000000 1740725.000000 1781150.000000 1821575.000000 1862000.000000 1902425.000000 1942850.000000 1983275.000000 
2450.000000 42875.000000 83300.000000 123725.000000 164150.000000 204575.000000 245000.000000 285425.000000 325850.000000 366275.000000 406700.000000 447125.000000 487550.000000 527975.000000 568400.000000 608825.000000 649250.000000 689675.000000 730100.000000 770525.000000 810950.000000 851375.000000 891800.000000 932225.000000 972650.000000 1013075.000000 1053500.000000 1093925.000000 1134350.000000 1174775.000000 1215200.000000 1255625.000000 1296050.000000 1336475.000000 1376900.000000 1417325.000000 1457750.000000 1498175.000000 1538600.000000 1579025.000000 1619450.000000 1659875.000000 1700300.000000 1740725.000000 1781150.000000 1821575.000000 1862000.000000 1902425.000000 1942850.000000 1983275.000000 
2450.000000 42875.000000 83300.000000 123725.000000 164150.000000 204575.000000 245000.000000 285425.000000 325850.000000 366275.000000 406700.000000 447125.000000 487550.000000 527975.000000 568400.000000 608825.000000 649250.000000 689675.000000 730100.000000 770525.000000 810950.000000 851375.000000 891800.000000 932225.000000 972650.000000 1013075.000000 1053500.000000 1093925.000000 1134350.000000 1174775.000000 1215200.000000 1255625.000000 1296050.000000 1336475.000000 1376900.000000 1417325.000000 1457750.000000 1498175.000000 1538600.000000 1579025.000000 1619450.000000 1659875.000000 1700300.000000 1740725.000000 1781150.000000 1821575.000000 1862000.000000 1902425.000000 1942850.000000 1983275.000000 
2450.000000 42875.000000 83300.000000 123725.000000 164150.000000 204575.000000 245000.000000 285425.000000 325850.000000 366275.000000 406700.000000 447125.000000 487550.000000 527975.000000 568400.000000 608825.000000 649250.000000 689675.000000 730100.000000 770525.000000 810950.000000 851375.000000 891800.000000 932225.000000 972650.000000 1013075.000000 1053500.000000 1093925.000000 1134350.000000 1174775.000000 1215200.000000 1255625.000000 1296050.000000 1336475.000000 1376900.000000 1417325.000000 1457750.000000 1498175.000000 1538600.000000 1579025.000000 1619450.000000 1659875.000000 1700300.000000 1740725.000000 1781150.000000 1821575.000000 1862000.000000 1902425.000000 1942850.000000 1983275.000000 
2450.000000 42875.000000 83300.000000 123725.000000 164150.000000 204575.000000 245000.000000 285425.000000 325850.000000 366275.000000 406700.000000 447125.000000 487550.000000 527975.000000 568400.000000 608825.000000 649250.000000 689675.000000 730100.000000 770525.000000 810950.000000 851375.000000 891800.000000 932225.000000 972650.000000 1013075.000000 1053500.000000 1093925.000000 1134350.000000 1174775.000000 1215200.000000 1255625.000000 1296050.000000 1336475.000000 1376900.000000 1417325.000000 1457750.000000 1498175.000000 1538600.000000 1579025.000000 1619450.000000 1659875.000000 1700300.000000 1740725.000000 1781150.000000 1821575.000000 1862000.000000 1902425.000000 1942850.000000 1983275.000000 
2450.000000 42875.000000 83300.000000 123725.000000 164150.000000 204575.000000 245000.000000 285425.000000 325850.000000 366275.000000 406700.000000 447125.000000 487550.000000 527975.000000 568400.000000 608825.000000 649250.000000 689675.000000 730100.000000 770525.000000 810950.000000 851375.000000 891800.000000 932225.000000 972650.000000 1013075.000000 1053500.000000 1093925.000000 1134350.000000 1174775.000000 1215200.000000 1255625.000000 1296050.000000 1336475.000000 1376900.000000 1417325.000000 1457750.000000 1498175.000000 1538600.000000 1579025.000000 1619450.000000 1659875.000000 1700300.000000 1740725.000000 1781150.000000 1821575.000000 1862000.000000 1902425.000000 1942850.000000 1983275.000000 
2450.000000 42875.000000 83300.000000 123725.000000 164150.000000 204575.000000 245000.000000 285425.000000 325850.000000 366275.000000 406700.000000 447125.000000 487550.000000 527975.000000 568400.000000 608825.000000 649250.000000 689675.000000 730100.000000 770525.000000 810950.000000 851375.000000 891800.000000 932225.000000 972650.000000 1013075.000000 1053500.000000 1093925.000000 1134350.000000 1174775.000000 1215200.000000 1255625.000000 1296050.000000 1336475.000000 1376900.000000 1417325.000000 1457750.000000 1498175.000000 1538600.000000 1579025.000000 1619450.000000 1659875.000000 1700300.000000 1740725.000000 1781150.000000 1821575.000000 1862000.000000 1902425.000000 1942850.000000 1983275.000000 
2450.000000 42875.000000 83300.000000 123725.000000 164150.000000 204575.000000 245000.000000 285425.000000 325850.000000 366275.000000 406700.000000 447125.000000 487550.000000 527975.000000 568400.000000 608825.000000 649250.000000 689675.000000 730100.000000 770525.000000 810950.000000 851375.000000 891800.000000 932225.000000 972650.000000 1013075.000000 1053500.000000 1093925.000000 1134350.000000 1174775.000000 1215200.000000 1255625.000000 1296050.000000 1336475.000000 1376900.000000 1417325.000000 1457750.000000 1498175.000000 1538600.000000 1579025.000000 1619450.000000 1659875.000000 1700300.000000 1740725.000000 1781150.000000 1821575.000000 1862000.000000 1902425.000000 1942850.000000 1983275.000000 
2450.000000 42875.000000 83300.000000 123725.000000 164150.000000 204575.000000 245000.000000 285425.000000 325850.000000 366275.000000 406700.000000 447125.000000 487550.000000 527975.000000 568400.000000 608825.000000 649250.000000 689675.000000 730100.000000 770525.000000 810950.000000 851375.000000 891800.000000 932225.000000 972650.000000 1013075.000000 1053500.000000 1093925.000000 1134350.000000 1174775.000000 1215200.000000 1255625.000000 1296050.000000 1336475.000000 1376900.000000 1417325.000000 1457750.000000 1498175.000000 1538600.000000 1579025.000000 1619450.000000 1659875.000000 1700300.000000 1740725.000000 1781150.000000 1821575.000000 1862000.000000 1902425.000000 1942850.000000 1983275.000000 
2450.000000 42875.000000 83300.000000 123725.000000 164150.000000 204575.000000 245000.000000 285425.000000 325850.000000 366275.000000 406700.000000 447125.000000 487550.000000 527975.000000 568400.000000 608825.000000 649250.000000 689675.000000 730100.000000 770525.000000 810950.000000 851375.000000 891800.000000 932225.000000 972650.000000 1013075.000000 1053500.000000 1093925.000000 1134350.000000 1174775.000000 1215200.000000 1255625.000000 1296050.000000 1336475.000000 1376900.000000 1417325.000000 1457750.000000 1498175.000000 1538600.000000 1579025.000000 1619450.000000 1659875.000000 1700300.000000 1740725.000000 1781150.000000 1821575.000000 1862000.000000 1902425.000000 1942850.000000 1983275.000000 
2450.000000 42875.000000 83300.000000 123725.000000 164150.000000 204575.000000 245000.000000 285425.000000 325850.000000 366275.000000 406700.000000 447125.000000 487550.000000 527975.000000 568400.000000 608825.000000 649250.000000 689675.000000 730100.000000 770525.000000 810950.000000 851375.000000 891800.000000 932225.000000 972650.000000 1013075.000000 1053500.000000 1093925.000000 1134350.000000 1174775.000000 1215200.000000 1255625.000000 1296050.000000 1336475.000000 1376900.000000 1417325.000000 1457750.000000 1498175.000000 1538600.000000 1579025.000000 1619450.000000 1659875.000000 1700300.000000 1740725.000000 1781150.000000 1821575.000000 1862000.000000 1902425.000000 1942850.000000 1983275.000000 
2450.000000 42875.000000 83300.000000 123725.000000 164150.000000 204575.000000 245000.000000 285425.000000 325850.000000 366275.000000 406700.000000 447125.000000 487550.000000 527975.000000 568400.000000 608825.000000 649250.000000 689675.000000 730100.000000 770525.000000 810950.000000 851375.000000 891800.000000 932225.000000 972650.000000 1013075.000000 1053500.000000 1093925.000000 1134350.000000 1174775.000000 1215200.000000 1255625.000000 1296050.000000 1336475.000000 1376900.000000 1417325.000000 1457750.000000 1498175.000000 1538600.000000 1579025.000000 1619450.000000 1659875.000000 1700300.000000 1740725.000000 1781150.000000 1821575.000000 1862000.000000 1902425.000000 1942850.000000 1983275.000000 
2450.000000 42875.000000 83300.000000 123725.000000 164150.000000 204575.000000 245000.000000 285425.000000 325850.000000 366275.000000 406700.000000 447125.000000 487550.000000 527975.000000 568400.000000 608825.000000 649250.000000 689675.000000 730100.000000 770525.000000 810950.000000 851375.000000 891800.000000 932225.000000 972650.000000 1013075.000000 1053500.000000 1093925.000000 1134350.000000 1174775.000000 1215200.000000 1255625.000000 1296050.000000 1336475.000000 1376900.000000 1417325.000000 1457750.000000 1498175.000000 1538600.000000 1579025.000000 1619450.000000 1659875.000000 1700300.000000 1740725.000000 1781150.000000 1821575.000000 1862000.000000 1902425.000000 1942850.000000 1983275.000000 
2450.000000 42875.000000 83300.000000 123725.000000 164150.000000 204575.000000 245000.000000 285425.000000 325850.000000 366275.000000 406700.000000 447125.000000 487550.000000 527975.000000 568400.000000 608825.000000 649250.000000 689675.000000 730100.000000 770525.000000 810950.000000 851375.000000 891800.000000 932225.000000 972650.000000 1013075.000000 1053500.000000 1093925.000000 1134350.000000 1174775.000000 1215200.000000 1255625.000000 1296050.000000 1336475.000000 1376900.000000 1417325.000000 1457750.000000 1498175.000000 1538600.000000 1579025.000000 1619450.000000 1659875.000000 1700300.000000 1740725.000000 1781150.000000 1821575.000000 1862000.000000 1902425.000000 1942850.000000 1983275.000000 
2450.000000 42875.000000 83300.000000 123725.000000 164150.000000 204575.000000 245000.000000 285425.000000 325850.000000 366275.000000 406700.000000 447125.000000 487550.000000 527975.000000 568400.000000 608825.000000 649250.000000 689675.000000 730100.000000 770525.000000 810950.000000 851375.000000 891800.000000 932225.000000 972650.000000 1013075.000000 1053500.000000 1093925.000000 1134350.000000 1174775.000000 1215200.000000 1255625.000000 1296050.000000 1336475.000000 1376900.000000 1417325.000000 1457750.000000 1498175.000000 1538600.000000 1579025.000000 1619450.000000 1659875.000000 1700300.000000 1740725.000000 1781150.000000 1821575.000000 1862000.000000 1902425.000000 1942850.000000 1983275.000000 
2450.000000 42875.000000 83300.000000 123725.000000 164150.000000 204575.000000 245000.000000 285425.000000 325850.000000 366275.000000 406700.000000 447125.000000 487550.000000 527975.000000 568400.000000 608825.000000 649250.000000 689675.000000 730100.000000 770525.000000 810950.000000 851375.000000 891800.000000 932225.000000 972650.000000 1013075.000000 1053500.000000 1093925.000000 1134350.000000 1174775.000000 1215200.000000 1255625.000000 1296050.000000 1336475.000000 1376900.000000 1417325.000000 1457750.000000 1498175.000000 1538600.000000 1579025.000000 1619450.000000 1659875.000000 1700300.000000 1740725.000000 1781150.000000 1821575.000000 1862000.000000 1902425.000000 1942850.000000 1983275.000000 
2450.000000 42875.000000 83300.000000 123725.000000 164150.000000 204575.000000 245000.000000 285425.000000 325850.000000 366275.000000 406700.000000 447125.000000 487550.000000 527975.000000 568400.000000 608825.000000 649250.000000 689675.000000 730100.000000 770525.000000 810950.000000 851375.000000 891800.000000 932225.000000 972650.000000 1013075.000000 1053500.000000 1093925.000000 1134350.000000 1174775.000000 1215200.000000 1255625.000000 1296050.000000 1336475.000000 1376900.000000 1417325.000000 1457750.000000 1498175.000000 1538600.000000 1579025.000000 1619450.000000 1659875.000000 1700300.000000 1740725.000000 1781150.000000 1821575.000000 1862000.000000 1902425.000000 1942850.000000 1983275.000000 
2450.000000 42875.000000 83300.000000 123725.000000 164150.000000 204575.000000 245000.000000 285425.000000 325850.000000 366275.000000 406700.000000 447125.000000 487550.000000 527975.000000 568400.000000 608825.000000 649250.000000 689675.000000 730100.000000 770525.000000 810950.000000 851375.000000 891800.000000 932225.000000 972650.000000 1013075.000000 1053500.000000 1093925.000000 1134350.000000 1174775.000000 1215200.000000 1255625.000000 1296050.000000 1336475.000000 1376900.000000 1417325.000000 1457750.000000 1498175.000000 1538600.000000 1579025.000000 1619450.000000 1659875.000000 1700300.000000 1740725.000000 1781150.000000 1821575.000000 1862000.000000 1902425.000000 1942850.000000 1983275.000000 
2450.000000 42875.000000 83300.000000 123725.000000 164150.000000 204575.000000 245000.000000 285425.000000 325850.000000 366275.000000 406700.000000 447125.000000 487550.000000 527975.000000 568400.000000 608825.000000 649250.000000 689675.000000 730100.000000 770525.000000 810950.000000 851375.000000 891800.000000 932225.000000 972650.000000 1013075.000000 1053500.000000 1093925.000000 1134350.000000 1174775.000000 1215200.000000 1255625.000000 1296050.000000 1336475.000000 1376900.000000 1417325.000000 1457750.000000 1498175.000000 1538600.000000 1579025.000000 1619450.000000 1659875.000000 1700300.000000 1740725.000000 1781150.000000 1821575.000000 1862000.000000 1902425.000000 1942850.000000 1983275.000000 
2450.000000 42875.000000 83300.000000 123725.000000 164150.000000 204575.000000 245000.000000 285425.000000 325850.000000 366275.000000 406700.000000 447125.000000 487550.000000 527975.000000 568400.000000 608825.000000 649250.000000 689675.000000 730100.000000 770525.000000 810950.000000 851375.000000 891800.000000 932225.000000 972650.000000 1013075.000000 1053500.000000 1093925.000000 1134350.000000 1174775.000000 1215200.000000 1255625.000000 1296050.000000 1336475.000000 1376900.000000 1417325.000000 1457750.000000 1498175.000000 1538600.000000 1579025.000000 1619450.000000 1659875.000000 1700300.000000 1740725.000000 1781150.000000 1821575.000000 1862000.000000 1902425.000000 1942850.000000 1983275.000000 
2450.000000 42875.000000 83300.000000 123725.000000 164150.000000 204575.000000 245000.000000 285425.000000 325850.000000 366275.000000 406700.000000 447125.000000 487550.000000 527975.000000 568400.000000 608825.000000 649250.000000 689675.000000 730100.000000 770525.000000 810950.000000 851375.000000 891800.000000 932225.000000 972650.000000 1013075.000000 1053500.000000 1093925.000000 1134350.000000 1174775.000000 1215200.000000 1255625.000000 1296050.000000 1336475.000000 1376900.000000 1417325.000000 1457750.000000 1498175.000000 1538600.000000 1579025.000000 1619450.000000 1659875.000000 1700300.000000 1740725.000000 1781150.000000 1821575.000000 1862000.000000 1902425.000000 1942850.000000 1983275.000000 
2450.000000 42875.000000 83300.000000 123725.000000 164150.000000 204575.000000 245000.000000 285425.000000 325850.000000 366275.000000 406700.000000 447125.000000 487550.000000 527975.000000 568400.000000 608825.000000 649250.000000 689675.000000 730100.000000 770525.000000 810950.000000 851375.000000 891800.000000 932225.000000 972650.000000 1013075.000000 1053500.000000 1093925.000000 1134350.000000 1174775.000000 1215200.000000 1255625.000000 1296050.000000 1336475.000000 1376900.000000 1417325.000000 1457750.000000 1498175.000000 1538600.000000 1579025.000000 1619450.000000 1659875.000000 1700300.000000 1740725.000000 1781150.000000 1821575.000000 1862000.000000 1902425.000000 1942850.000000 1983275.000000 
2450.000000 42875.000000 83300.000000 123725.000000 164150.000000 204575.000000 245000.000000 285425.000000 325850.000000 366275.000000 406700.000000 447125.000000 487550.000000 527975.000000 568400.000000 608825.000000 649250.000000 689675.000000 730100.000000 770525.000000 810950.000000 851375.000000 891800.000000 932225.000000 972650.000000 1013075.000000 1053500.000000 1093925.000000 1134350.000000 1174775.000000 1215200.000000 1255625.000000 1296050.000000 1336475.000000 1376900.000000 1417325.000000 1457750.000000 1498175.000000 1538600.000000 1579025.000000 1619450.000000 1659875.000000 1700300.000000 1740725.000000 1781150.000000 1821575.000000 1862000.000000 1902425.000000 1942850.000000 1983275.000000 
2450.000000 42875.000000 83300.000000 123725.000000 164150.000000 204575.000000 245000.000000 285425.000000 325850.000000 366275.000000 406700.000000 447125.000000 487550.000000 527975.000000 568400.000000 608825.000000 649250.000000 689675.000000 730100.000000 770525.000000 810950.000000 851375.000000 891800.000000 932225.000000 972650.000000 1013075.000000 1053500.000000 1093925.000000 1134350.000000 1174775.000000 1215200.000000 1255625.000000 1296050.000000 1336475.000000 1376900.000000 1417325.000000 1457750.000000 1498175.000000 1538600.000000 1579025.000000 1619450.000000 1659875.000000 1700300.000000 1740725.000000 1781150.000000 1821575.000000 1862000.000000 1902425.000000 1942850.000000 1983275.000000 
2450.000000 42875.000000 83300.000000 123725.000000 164150.000000 204575.000000 245000.000000 285425.000000 325850.000000 366275.000000 406700.000000 447125.000000 487550.000000 527975.000000 568400.000000 608825.000000 649250.000000 689675.000000 730100.000000 770525.000000 810950.000000 851375.000000 891800.000000 932225.000000 972650.000000 1013075.000000 1053500.000000 1093925.000000 1134350.000000 1174775.000000 1215200.000000 1255625.000000 1296050.000000 1336475.000000 1376900.000000 1417325.000000 1457750.000000 1498175.000000 1538600.000000 1579025.000000 1619450.000000 1659875.000000 1700300.000000 1740725.000000 1781150.000000 1821575.000000 1862000.000000 1902425.000000 1942850.000000 1983275.000000 
2450.000000 42875.000000 83300.000000 123725.000000 164150.000000 204575.000000 245000.000000 285425.000000 325850.000000 366275.000000 406700.000000 447125.000000 487550.000000 527975.000000 568400.000000 608825.000000 649250.000000 689675.000000 730100.000000 770525.000000 810950.000000 851375.000000 891800.000000 932225.000000 972650.000000 1013075.000000 1053500.000000 1093925.000000 1134350.000000 1174775.000000 1215200.000000 1255625.000000 1296050.000000 1336475.000000 1376900.000000 1417325.000000 1457750.000000 1498175.000000 1538600.000000 1579025.000000 1619450.000000 1659875.000000 1700300.000000 1740725.000000 1781150.000000 1821575.000000 1862000.000000 1902425.000000 1942850.000000 1983275.000000 
2450.000000 42875.000000 83300.000000 123725.000000 164150.000000 204575.000000 245000.000000 285425.000000 325850.000000 366275.000000 406700.000000 447125.000000 487550.000000 527975.000000 568400.000000 608825.000000 649250.000000 689675.000000 730100.000000 770525.000000 810950.000000 851375.000000 891800.000000 932225.000000 972650.000000 1013075.000000 1053500.000000 1093925.000000 1134350.000000 1174775.000000 1215200.000000 1255625.000000 1296050.000000 1336475.000000 1376900.000000 1417325.000000 1457750.000000 1498175.000000 1538600.000000 1579025.000000 1619450.000000 1659875.000000 1700300.000000 1740725.000000 1781150.000000 1821575.000000 1862000.000000 1902425.000000 1942850.000000 1983275.000000 
2450.000000 42875.000000 83300.000000 123725.000000 164150.000000 204575.000000 245000.000000 285425.000000 325850.000000 366275.000000 406700.000000 447125.000000 487550.000000 527975.000000 568400.000000 608825.000000 649250.000000 689675.000000 730100.000000 770525.000000 810950.000000 851375.000000 891800.000000 932225.000000 972650.000000 1013075.000000 1053500.000000 1093925.000000 1134350.000000 1174775.000000 1215200.000000 1255625.000000 1296050.000000 1336475.000000 1376900.000000 1417325.000000 1457750.000000 1498175.000000 1538600.000000 1579025.000000 1619450.000000 1659875.000000 1700300.000000 1740725.000000 1781150.000000 1821575.000000 1862000.000000 1902425.000000 1942850.000000 1983275.000000 
2450.000000 42875.000000 83300.000000 123725.000000 164150.000000 204575.000000 245000.000000 285425.000000 325850.000000 366275.000000 406700.000000 447125.000000 487550.000000 527975.000000 568400.000000 608825.000000 649250.000000 689675.000000 730100.000000 770525.000000 810950.000000 851375.000000 891800.000000 932225.000000 972650.000000 1013075.000000 1053500.000000 1093925.000000 1134350.000000 1174775.000000 1215200.000000 1255625.000000 1296050.000000 1336475.000000 1376900.000000 1417325.000000 1457750.000000 1498175.000000 1538600.000000 1579025.000000 1619450.000000 1659875.000000 1700300.000000 1740725.000000 1781150.000000 1821575.000000 1862000.000000 1902425.000000 1942850.000000 1983275.000000 
2450.000000 42875.000000 83300.000000 123725.000000 164150.000000 204575.000000 245000.000000 285425.000000 325850.000000 366275.000000 406700.000000 447125.000000 487550.000000 527975.000000 568400.000000 608825.000000 649250.000000 689675.000000 730100.000000 770525.000000 810950.000000 851375.000000 891800.000000 932225.000000 972650.000000 1013075.000000 1053500.000000 1093925.000000 1134350.000000 1174775.000000 1215200.000000 1255625.000000 1296050.000000 1336475.000000 1376900.000000 1417325.000000 1457750.000000 1498175.000000 1538600.000000 1579025.000000 1619450.000000 1659875.000000 1700300.000000 1740725.000000 1781150.000000 1821575.000000 1862000.000000 1902425.000000 1942850.000000 1983275.000000 
